# File generated by Flopy version 3.4.3 on 05/25/2026 at 14:07:35.
BEGIN options
  SAVE_FLOWS
END options

BEGIN dimensions
  MAXBOUND  903
END dimensions

BEGIN period  1
  1 56 287       0.07002593       1.69712962      -0.92997407
  1 57 287       0.07008776       2.34952846      -0.92991224
  1 58 287       0.07015956       2.34951414      -0.92984044
  1 59 287       0.07023135       2.34948876      -0.92976865
  1 60 283       0.07026789       0.04207521      -0.92973211
  1 60 284       0.07028099       0.81523441      -0.92971901
  1 60 286       0.07029932       0.38448283      -0.92970068
  1 60 287       0.07033921       2.22583689      -0.92966079
  1 61 281       0.07037508       0.12199546      -0.92962492
  1 61 282       0.07041704       2.62426507      -0.92958296
  1 61 283       0.07049591       2.53789305      -0.92950409
  1 61 284       0.07055873       1.57363424      -0.92944127
  1 61 285       0.07061844       2.33408692      -0.92938156
  1 61 286       0.07068506       2.02623217      -0.92931494
  1 62 280       0.07073213       1.05445778      -0.92926787
  1 62 281       0.07079147       2.82905435      -0.92920853
  1 63 278       0.07083578       0.07071533      -0.92916422
  1 63 279       0.07087917       2.76911210      -0.92912083
  1 63 280       0.07094704       1.67336498      -0.92905296
  1 64 278       0.07103722       4.22833628      -0.92896278
  1 65 277       0.07114429       2.77960201      -0.92885571
  1 65 278       0.07119528       0.55750065      -0.92880472
  1 66 276       0.07123365       1.95353533      -0.92876635
  1 66 277       0.07127805       0.95251818      -0.92872195
  1 67 276       0.07133359       2.68272379      -0.92866641
  1 68 275       0.07140010       1.67050775      -0.92859990
  1 68 276       0.07144085       0.99633400      -0.92855915
  1 69 275       0.07149281       2.40451610      -0.92850719
  1 70 275       0.07156656       2.42239286      -0.92843344
  1 71 274       0.07162641       1.49450900      -0.92837359
  1 71 275       0.07166422       0.98009315      -0.92833578
  1 72 274       0.07171835       2.56253512      -0.92828165
  1 73 274       0.07179384       2.37814673      -0.92820616
  1 74 273       0.07183991       0.63750714      -0.92816009
  1 74 274       0.07187852       1.88924309      -0.92812148
  1 75 273       0.07194374       2.37945088      -0.92805626
  1 76 273       0.07201575       2.33355954      -0.92798425
  1 77 273       0.07208714       2.33892669      -0.92791286
  1 78 273       0.07215870       2.34442494      -0.92784130
  1 79 273       0.07222293       1.85911211      -0.92777707
  1 79 274       0.07225948       0.53295775      -0.92774052
  1 80 274       0.07230582       2.49985774      -0.92769418
  1 81 274       0.07238382       2.60541285      -0.92761618
  1 82 274       0.07242790       0.27965505      -0.92757210
  1 82 275       0.07246926       2.42746887      -0.92753074
  1 83 275       0.07253543       1.90326371      -0.92746457
  1 83 276       0.07257868       0.92699629      -0.92742132
  1 84 276       0.07263499       2.75854244      -0.92736501
  1 84 287       0.07269555       1.20505062      -0.92730445
  1 84 288       0.07275288       2.54714686      -0.92724712
  1 84 289       0.07282841       2.39621757      -0.92717159
  1 84 290       0.07290085       2.34467700      -0.92709915
  1 84 291       0.07297287       2.36949894      -0.92702713
  1 84 292       0.07304718       2.49363701      -0.92695282
  1 84 293       0.07310973       1.60012546      -0.92689027
  1 85 276       0.07315338       1.25702796      -0.92684662
  1 85 277       0.07321050       2.48119312      -0.92678950
  1 85 285       0.07327101       1.47884271      -0.92672899
  1 85 286       0.07333250       2.54615509      -0.92666750
  1 85 287       0.07339235       1.37041185      -0.92660765
  1 85 293       0.07342839       0.98835910      -0.92657161
  1 85 294       0.07348515       2.72686622      -0.92651485
  1 85 295       0.07353817       0.74334112      -0.92646183
  1 86 277       0.07355524       0.37347152      -0.92644476
  1 86 278       0.07360800       3.08001143      -0.92639200
  1 86 279       0.07366706       0.78554479      -0.92633294
  1 86 283       0.07368374       0.30605902      -0.92631626
  1 86 284       0.07373112       2.79491623      -0.92626888
  1 86 285       0.07379165       1.16625198      -0.92620835
  1 86 295       0.07384698       2.45495298      -0.92615302
  1 86 296       0.07389826       0.90182376      -0.92610174
  1 87 279       0.07394380       2.07820315      -0.92605620
  1 87 280       0.07400933       2.21122187      -0.92599067
  1 87 282       0.07407846       2.31270929      -0.92592154
  1 87 283       0.07415097       2.43289747      -0.92584903
  1 87 296       0.07423221       2.88465477      -0.92576779
  1 88 280       0.07428364       0.48140061      -0.92571636
  1 88 281       0.07432847       2.45231242      -0.92567153
  1 88 282       0.07437199       0.39610597      -0.92562801
  1 88 296       0.07437837       0.02130805      -0.92562163
  1 88 297       0.07441849       2.60502282      -0.92558151
  1 89 297       0.07449780       2.58572586      -0.92550220
  1 90 297       0.07453819       0.05730890      -0.92546181
  1 90 298       0.07457578       2.40306856      -0.92542422
  1 91 298       0.07464844       2.35212259      -0.92535156
  1 92 298       0.07472056       2.36804328      -0.92527944
  1 93 297       0.07475727       0.03458688      -0.92524273
  1 93 298       0.07479458       2.40789890      -0.92520542
  1 94 297       0.07486842       2.42435463      -0.92513158
  1 95 297       0.07494711       2.72569913      -0.92505289
  1 96 296       0.07502117       2.12177712      -0.92497883
  1 96 297       0.07506372       0.66294735      -0.92493628
  1 97 295       0.07508817       0.93740401      -0.92491183
  1 97 296       0.07513290       1.98979085      -0.92486710
  1 98 294       0.07516973       0.42099003      -0.92483027
  1 98 295       0.07521682       2.66123208      -0.92478318
  1 99 294       0.07529824       2.66705709      -0.92470176
  1 100 294       0.07537584       2.41205709      -0.92462416
  1 101 294       0.07542676       0.92078718      -0.92457324
  1 101 295       0.07547211       2.04720032      -0.92452789
  1 102 295       0.07554318       2.60451492      -0.92445682
  1 103 295       0.07559159       0.56362051      -0.92440841
  1 103 296       0.07562997       1.94809610      -0.92437003
  1 104 296       0.07569580       2.36063738      -0.92430420
  1 105 256       0.07575754       1.68016967      -0.92424246
  1 105 257       0.07582195       2.53550509      -0.92417805
  1 105 258       0.07590059       2.61121401      -0.92409941
  1 105 259       0.07595881       1.19945229      -0.92404119
  1 105 296       0.07601316       2.35738759      -0.92398684
  1 106 255       0.07609344       2.89695444      -0.92390656
  1 106 256       0.07615198       0.93402659      -0.92384802
  1 106 259       0.07620351       2.43857696      -0.92379649
  1 106 296       0.07627819       2.44941916      -0.92372181
  1 107 254       0.07636225       3.05214938      -0.92363775
  1 107 255       0.07641141       0.16534464      -0.92358859
  1 107 259       0.07645079       2.41234191      -0.92354921
  1 107 295       0.07651609       1.86137636      -0.92348391
  1 107 296       0.07655357       0.59158222      -0.92344643
  1 108 253       0.07659412       2.06210343      -0.92340588
  1 108 254       0.07663215       0.42679049      -0.92336785
  1 108 259       0.07666808       1.92529714      -0.92333192
  1 108 260       0.07670529       0.50969634      -0.92329471
  1 108 295       0.07675200       2.54761312      -0.92324800
  1 109 253       0.07682759       2.39976678      -0.92317241
  1 109 260       0.07690477       2.65152508      -0.92309523
  1 109 294       0.07695567       0.67993365      -0.92304433
  1 109 295       0.07699454       1.86379794      -0.92300546
  1 110 253       0.07706005       2.42349764      -0.92293995
  1 110 260       0.07713033       2.17635582      -0.92286967
  1 110 261       0.07717043       0.44832482      -0.92282957
  1 110 294       0.07722017       2.80728910      -0.92277983
  1 111 252       0.07726781       0.31048389      -0.92273219
  1 111 253       0.07730492       2.11807720      -0.92269508
  1 111 261       0.07738350       3.02489397      -0.92261650
  1 111 287       0.07743558       0.38394187      -0.92256442
  1 111 288       0.07747743       2.35499473      -0.92252257
  1 111 289       0.07754916       2.33946959      -0.92245084
  1 111 290       0.07762065       2.33973377      -0.92237935
  1 111 291       0.07769337       2.41994989      -0.92230663
  1 111 292       0.07776749       2.43117063      -0.92223251
  1 111 293       0.07784082       2.36799546      -0.92215918
  1 111 294       0.07788678       0.63970899      -0.92211322
  1 112 252       0.07793444       2.47986456      -0.92206556
  1 112 261       0.07797648       0.27126807      -0.92202352
  1 112 262       0.07802550       2.93706417      -0.92197450
  1 112 285       0.07807416       0.24816377      -0.92192584
  1 112 286       0.07812055       2.78772459      -0.92187945
  1 112 287       0.07819589       2.14319729      -0.92180411
  1 113 252       0.07826609       2.45104416      -0.92173391
  1 113 262       0.07831015       0.43314383      -0.92168985
  1 113 263       0.07836393       3.08662324      -0.92163607
  1 113 264       0.07841144       0.02287856      -0.92158856
  1 113 284       0.07841319       0.09177274      -0.92158681
  1 113 285       0.07846229       3.12128253      -0.92153771
  1 114 251       0.07852437       0.94210288      -0.92147563
  1 114 252       0.07856367       1.62981285      -0.92143633
  1 114 264       0.07863485       3.02909437      -0.92136515
  1 114 265       0.07869080       0.63291347      -0.92130920
  1 114 284       0.07874314       2.79227145      -0.92125686
  1 115 251       0.07882425       2.51666151      -0.92117575
  1 115 265       0.07889649       2.21086820      -0.92110351
  1 115 266       0.07896430       2.22768099      -0.92103570
  1 115 283       0.07902429       1.69830032      -0.92097571
  1 115 284       0.07907015       1.30292974      -0.92092985
  1 116 251       0.07912771       2.46431886      -0.92087229
  1 116 266       0.07917354       0.53564780      -0.92082646
  1 116 267       0.07922270       2.68153233      -0.92077730
  1 116 282       0.07929343       1.94808275      -0.92070657
  1 116 283       0.07934832       1.64437774      -0.92065168
  1 117 250       0.07940158       1.84134727      -0.92059842
  1 117 251       0.07943899       0.60697833      -0.92056101
  1 117 267       0.07946262       0.93932254      -0.92053738
  1 117 268       0.07951386       2.41418073      -0.92048614
  1 117 281       0.07959342       2.79308101      -0.92040658
  1 117 282       0.07965185       1.03115669      -0.92034815
  1 118 250       0.07970416       2.39248053      -0.92029584
  1 118 268       0.07975540       0.96140093      -0.92024460
  1 118 269       0.07980559       2.32295488      -0.92019441
  1 118 279       0.07987389       2.14754499      -0.92012611
  1 118 280       0.07994690       2.63058071      -0.92005310
  1 118 281       0.07998941       0.15157736      -0.92001059
  1 119 23       0.08000742       1.02723813      -0.91999258
  1 119 24       0.08005333       1.97790627      -0.91994667
  1 119 250       0.08012062       2.42591329      -0.91987938
  1 119 269       0.08017037       0.83012769      -0.91982963
  1 119 270       0.08022766       2.91928381      -0.91977234
  1 119 271       0.08027439       0.13949827      -0.91972561
  1 119 276       0.08027744       0.05990908      -0.91972256
  1 119 277       0.08031720       2.54255751      -0.91968280
  1 119 278       0.08039504       2.55183417      -0.91960496
  1 119 279       0.08044314       0.59655068      -0.91955686
  1 120 22       0.08049262       2.64149534      -0.91950738
  1 120 23       0.08055453       1.41070456      -0.91944547
  1 120 250       0.08059239       1.06684498      -0.91940761
  1 120 251       0.08064729       2.52625780      -0.91935271
  1 120 252       0.08071923       2.18238860      -0.91928077
  1 120 271       0.08079037       2.47350093      -0.91920963
  1 120 272       0.08086430       2.36548994      -0.91913570
  1 120 273       0.08093613       2.33560992      -0.91906387
  1 120 274       0.08100818       2.38005875      -0.91899182
  1 120 275       0.08108193       2.44634721      -0.91891807
  1 120 276       0.08115695       2.46360665      -0.91884305
  1 121 21       0.08121504       1.33874063      -0.91878496
  1 121 22       0.08125357       1.18274240      -0.91874643
  1 121 252       0.08127537       0.24429265      -0.91872463
  1 121 253       0.08131612       2.42242481      -0.91868388
  1 121 254       0.08139064       2.45478504      -0.91860936
  1 121 255       0.08145740       1.91489325      -0.91854260
  1 122 21       0.08152245       2.34263989      -0.91847755
  1 122 255       0.08156917       0.71477220      -0.91843083
  1 122 256       0.08162261       2.78321319      -0.91837739
  1 122 257       0.08167641       0.73788546      -0.91832359
  1 123 21       0.08172346       2.34118104      -0.91827654
  1 123 257       0.08179703       2.47398736      -0.91820297
  1 123 258       0.08184859       0.90021307      -0.91815141
  1 124 21       0.08190043       2.49297827      -0.91809957
  1 124 258       0.08197387       2.31364403      -0.91802613
  1 124 259       0.08202333       0.92347247      -0.91797667
  1 125 21       0.08207686       2.58018058      -0.91792314
  1 125 259       0.08215681       2.65234928      -0.91784319
  1 126 20       0.08223009       2.14334834      -0.91776991
  1 126 21       0.08227003       0.47060671      -0.91772997
  1 126 259       0.08229154       0.93722153      -0.91770846
  1 126 260       0.08234405       2.49968138      -0.91765595
  1 126 261       0.08241798       2.33924012      -0.91758202
  1 126 262       0.08248945       2.33792978      -0.91751055
  1 126 263       0.08256087       2.33653359      -0.91743913
  1 126 264       0.08263298       2.38329666      -0.91736702
  1 126 265       0.08270587       2.38720677      -0.91729413
  1 126 266       0.08277621       2.21659134      -0.91722379
  1 127 19       0.08282224       0.79585543      -0.91717776
  1 127 20       0.08286724       2.14918133      -0.91713276
  1 127 266       0.08290269       0.17099990      -0.91709731
  1 127 267       0.08294656       2.70030765      -0.91705344
  1 127 268       0.08301223       1.59762331      -0.91698777
  1 128 19       0.08307776       2.69137694      -0.91692224
  1 128 268       0.08314363       1.61977736      -0.91685637
  1 128 269       0.08318661       1.19293710      -0.91681339
  1 129 18       0.08323054       1.68209374      -0.91676946
  1 129 19       0.08327341       1.12385876      -0.91672659
  1 129 269       0.08332809       2.45533713      -0.91667191
  1 130 17       0.08337631       0.70036615      -0.91662369
  1 130 18       0.08342127       2.24229274      -0.91657873
  1 130 269       0.08349467       2.56180672      -0.91650533
  1 131 17       0.08357958       2.99529873      -0.91642042
  1 131 269       0.08366126       2.35063319      -0.91633874
  1 132 16       0.08374232       2.95431241      -0.91625768
  1 132 17       0.08378812       0.04324275      -0.91621188
  1 132 269       0.08382506       2.37426698      -0.91617494
  1 133 13       0.08388995       1.87302927      -0.91611005
  1 133 14       0.08392004       0.09634200      -0.91607996
  1 133 15       0.08396480       2.83326822      -0.91603520
  1 133 16       0.08401971       0.76049034      -0.91598029
  1 133 269       0.08406939       2.49053947      -0.91593061
  1 134 12       0.08410918       0.11398171      -0.91589082
  1 134 13       0.08414660       2.33531217      -0.91585340
  1 134 14       0.08421997       2.46644396      -0.91578003
  1 134 15       0.08425980       0.14053995      -0.91574020
  1 134 268       0.08429073       1.88342431      -0.91570927
  1 134 269       0.08433078       0.73777488      -0.91566922
  1 135 9       0.08437071       1.87581332      -0.91562929
  1 135 10       0.08443697       2.46100671      -0.91556303
  1 135 11       0.08451027       2.33594970      -0.91548973
  1 135 12       0.08458315       2.43427620      -0.91541685
  1 135 268       0.08466163       2.70218848      -0.91533837
  1 136 7       0.08471365       0.70256025      -0.91528635
  1 136 8       0.08476482       2.64645744      -0.91523518
  1 136 9       0.08482360       1.20070930      -0.91517640
  1 136 267       0.08488000       2.49037728      -0.91512000
  1 136 268       0.08492150       0.22575158      -0.91507850
  1 137 6       0.08495909       2.23430712      -0.91504091
  1 137 7       0.08502235       1.90640852      -0.91497765
  1 137 266       0.08506462       0.85985485      -0.91493538
  1 137 267       0.08510781       1.96704445      -0.91489219
  1 138 5       0.08517590       2.48934973      -0.91482410
  1 138 6       0.08522614       0.79879830      -0.91477386
  1 138 265       0.08525263       0.93447540      -0.91474737
  1 138 266       0.08530484       2.48307778      -0.91469516
  1 139 5       0.08538134       2.52337006      -0.91461866
  1 139 264       0.08543298       0.85655504      -0.91456702
  1 139 265       0.08548351       2.45049955      -0.91451649
  1 140 4       0.08555893       2.48605863      -0.91444107
  1 140 5       0.08559749       0.03731143      -0.91440251
  1 140 263       0.08560330       0.34334918      -0.91439670
  1 140 264       0.08564993       2.70846381      -0.91435007
  1 141 4       0.08572987       2.52337006      -0.91427013
  1 141 263       0.08580999       2.72007666      -0.91419001
  1 142 3       0.08587315       1.41374636      -0.91412685
  1 142 4       0.08591170       1.10962371      -0.91408830
  1 142 262       0.08594364       0.98037999      -0.91405636
  1 142 263       0.08598406       1.66502931      -0.91401594
  1 143 3       0.08604734       2.47670605      -0.91395266
  1 143 262       0.08612602       2.67311117      -0.91387398
  1 144 3       0.08619917       2.11437926      -0.91380083
  1 144 4       0.08623606       0.29963218      -0.91376394
  1 144 261       0.08627111       1.99445653      -0.91372889
  1 144 262       0.08631624       0.95913782      -0.91368376
  1 145 3       0.08637477       2.87174472      -0.91362523
  1 145 260       0.08643924       1.34816646      -0.91356076
  1 145 261       0.08648538       1.67147918      -0.91351462
  1 146 2       0.08651455       0.23725278      -0.91348545
  1 146 3       0.08655094       2.14506203      -0.91344906
  1 146 259       0.08660747       1.55412131      -0.91339253
  1 146 260       0.08666153       1.98457440      -0.91333847
  1 147 2       0.08672828       2.38376741      -0.91327172
  1 147 257       0.08677050       0.37976439      -0.91322950
  1 147 258       0.08681850       2.76196140      -0.91318150
  1 147 259       0.08688188       1.38594754      -0.91311812
  1 148 2       0.08694786       2.93219361      -0.91305214
  1 148 256       0.08701281       1.31899746      -0.91298719
  1 148 257       0.08707111       2.49646227      -0.91292889
  1 149 1       0.08717578       4.35435220      -0.91282422
  1 149 2       0.08724668       0.28592718      -0.91275332
  1 149 255       0.08728113       1.96885932      -0.91271887
  1 149 256       0.08733739       1.71327645      -0.91266261
  1 150 1       0.08740277       2.56569207      -0.91259723
  1 150 254       0.08746079       1.23174386      -0.91253921
  1 150 255       0.08750107       1.40407789      -0.91249893
  1 151 1       0.08754947       1.76379429      -0.91245053
  1 151 2       0.08759188       1.01155871      -0.91240812
  1 151 254       0.08762056       0.86590669      -0.91237944
  1 151 255       0.08765737       1.54325649      -0.91234263
  1 152 2       0.08771937       2.51475313      -0.91228063
  1 152 255       0.08779364       2.34616121      -0.91220636
  1 153 2       0.08786575       2.37284258      -0.91213425
  1 153 255       0.08793773       2.33854738      -0.91206227
  1 154 2       0.08800963       2.36706663      -0.91199037
  1 154 255       0.08808157       2.34113803      -0.91191843
  1 155 2       0.08815497       2.46269265      -0.91184503
  1 155 254       0.08819958       0.45714594      -0.91180042
  1 155 255       0.08823594       1.92268396      -0.91176406
  1 156 2       0.08829230       1.76599973      -0.91170770
  1 156 3       0.08833169       0.81188580      -0.91166831
  1 156 254       0.08838215       2.49102577      -0.91161785
  1 157 3       0.08846493       2.92695695      -0.91153507
  1 157 4       0.08854296       2.17997907      -0.91145704
  1 157 253       0.08858285       0.43046240      -0.91141715
  1 157 254       0.08862748       2.49087376      -0.91137252
  1 158 4       0.08867787       0.80684907      -0.91132213
  1 158 5       0.08872117       2.02726879      -0.91127883
  1 158 252       0.08876885       1.09338062      -0.91123115
  1 158 253       0.08882690       2.70574360      -0.91117310
  1 159 5       0.08889295       1.61718728      -0.91110705
  1 159 6       0.08894675       1.90348379      -0.91105325
  1 159 250       0.08898899       0.86129785      -0.91101101
  1 159 251       0.08904389       2.73167239      -0.91095611
  1 159 252       0.08911094       1.65693228      -0.91088906
  1 160 5       0.08915441       1.18811923      -0.91084559
  1 160 6       0.08920068       1.84046308      -0.91079932
  1 160 248       0.08924338       0.95396206      -0.91075662
  1 160 249       0.08929801       2.62121807      -0.91070199
  1 160 250       0.08936351       1.66606188      -0.91063649
  1 161 5       0.08942587       2.41524633      -0.91057413
  1 161 246       0.08946619       0.22336866      -0.91053381
  1 161 247       0.08951241       2.80210774      -0.91048759
  1 161 248       0.08958025       1.63796740      -0.91041975
  1 162 5       0.08961183       0.42886528      -0.91038817
  1 162 6       0.08966145       2.81855515      -0.91033855
  1 162 7       0.08973297       1.86262682      -0.91026703
  1 162 245       0.08977819       1.09659934      -0.91022181
  1 162 246       0.08983678       2.73838604      -0.91016322
  1 163 7       0.08988800       0.61373366      -0.91011200
  1 163 8       0.08993995       2.78600566      -0.91006005
  1 163 244       0.09002035       2.47642069      -0.90997965
  1 163 245       0.09008463       1.73027569      -0.90991537
  1 164 8       0.09014888       2.47482282      -0.90985112
  1 164 242       0.09019298       0.41155065      -0.90980702
  1 164 243       0.09024494       2.98957105      -0.90975506
  1 164 244       0.09029560       0.32567013      -0.90970440
  1 165 8       0.09034106       2.64972437      -0.90965894
  1 165 9       0.09039078       0.60452726      -0.90960922
  1 165 242       0.09044666       3.05258909      -0.90955334
  1 166 9       0.09053420       2.67659746      -0.90946580
  1 166 10       0.09058285       0.50784131      -0.90941715
  1 166 241       0.09062246       2.08466108      -0.90937754
  1 166 242       0.09065865       0.28392315      -0.90934135
  1 167 10       0.09070530       2.76885398      -0.90929470
  1 167 241       0.09078336       2.34053681      -0.90921664
  1 168 9       0.09085844       2.57294042      -0.90914156
  1 168 10       0.09094524       3.10800059      -0.90905476
  1 168 241       0.09102844       2.33735579      -0.90897156
  1 169 9       0.09110029       2.36565177      -0.90889971
  1 169 241       0.09117208       2.33297694      -0.90882792
  1 170 8       0.09121043       0.17635846      -0.90878957
  1 170 9       0.09125310       2.61640412      -0.90874690
  1 170 241       0.09132880       2.33804597      -0.90867120
  1 171 8       0.09140156       2.42422969      -0.90859844
  1 171 241       0.09147456       2.35348442      -0.90852544
  1 172 8       0.09154845       2.48238310      -0.90845155
  1 172 241       0.09162208       2.33688890      -0.90837792
  1 173 8       0.09165984       0.13444009      -0.90834016
  1 173 9       0.09170704       2.95504305      -0.90829296
  1 173 10       0.09176077       0.56137900      -0.90823923
  1 173 241       0.09180571       2.37983449      -0.90819429
  1 174 9       0.09187718       2.29796898      -0.90812282
  1 174 10       0.09194434       2.09740602      -0.90805566
  1 174 241       0.09201223       2.34579342      -0.90798777
  1 175 8       0.09205823       0.66498869      -0.90794177
  1 175 9       0.09209525       1.75788220      -0.90790475
  1 175 241       0.09215779       2.33538184      -0.90784221
  1 176 8       0.09221555       1.44480755      -0.90778445
  1 176 9       0.09225290       0.99982772      -0.90774710
  1 176 241       0.09230391       2.33879172      -0.90769609
  1 177 9       0.09237913       2.58379452      -0.90762087
  1 177 241       0.09245431       2.33714966      -0.90754569
  1 178 9       0.09251816       1.84154802      -0.90748184
  1 178 10       0.09255733       0.72225147      -0.90744267
  1 178 240       0.09258884       1.33984077      -0.90741116
  1 178 241       0.09262516       1.03749311      -0.90737484
  1 179 10       0.09267924       2.50181799      -0.90732076
  1 179 240       0.09275312       2.33313820      -0.90724688
  1 180 10       0.09282752       2.53641103      -0.90717248
  1 180 240       0.09290192       2.33290020      -0.90709808
  1 181 10       0.09294714       0.62665914      -0.90705286
  1 181 11       0.09298654       1.95228833      -0.90701346
  1 181 240       0.09305228       2.35019523      -0.90694772
  1 182 11       0.09313008       2.74206580      -0.90686992
  1 182 240       0.09320784       2.34720967      -0.90679216
  1 183 11       0.09324460       0.05856519      -0.90675540
  1 183 12       0.09329374       3.15724080      -0.90670626
  1 183 240       0.09337777       2.34252007      -0.90662223
  1 184 12       0.09341696       0.22268132      -0.90658304
  1 184 13       0.09346438       2.88050941      -0.90653562
  1 184 14       0.09352206       0.89497211      -0.90647794
  1 184 240       0.09357354       2.47452556      -0.90642646
  1 185 14       0.09364127       1.95819037      -0.90635873
  1 185 15       0.09370092       1.94539289      -0.90629908
  1 185 18       0.09376413       2.19195140      -0.90623587
  1 185 240       0.09383349       2.34757371      -0.90616651
  1 186 15       0.09389207       1.48663220      -0.90610793
  1 186 16       0.09394878       2.22459353      -0.90605122
  1 186 17       0.09402987       3.08267482      -0.90597013
  1 186 18       0.09408462       0.50096192      -0.90591538
  1 186 19       0.09414068       3.16805789      -0.90585932
  1 186 20       0.09419241       0.21755028      -0.90580759
  1 186 240       0.09423281       2.42625289      -0.90576719
  1 187 16       0.09428206       0.79721312      -0.90571794
  1 187 20       0.09433900       2.92956025      -0.90566100
  1 187 21       0.09439273       0.58698838      -0.90560727
  1 187 240       0.09443799       2.37511416      -0.90556201
  1 188 21       0.09450938       2.29719673      -0.90549062
  1 188 22       0.09457405       1.93533247      -0.90542595
  1 188 240       0.09463945       2.34533826      -0.90536055
  1 189 22       0.09468736       0.79020632      -0.90531264
  1 189 23       0.09474167       2.76430385      -0.90525833
  1 189 24       0.09479555       0.76185902      -0.90520445
  1 189 240       0.09484294       2.34029216      -0.90515706
  1 190 24       0.09491219       2.19149156      -0.90508781
  1 190 25       0.09496953       1.56153401      -0.90503047
  1 190 239       0.09502785       2.25552966      -0.90497215
  1 190 240       0.09506447       0.14123140      -0.90493553
  1 191 25       0.09508877       1.44936265      -0.90491123
  1 191 26       0.09514659       2.33448728      -0.90485341
  1 191 239       0.09522083       2.52441023      -0.90477917
  1 192 26       0.09526839       0.58875865      -0.90473161
  1 192 27       0.09532087       2.84570409      -0.90467913
  1 192 28       0.09537552       0.73101090      -0.90462448
  1 192 238       0.09539588       0.60158169      -0.90460412
  1 192 239       0.09543893       2.21584280      -0.90456107
  1 193 28       0.09550268       1.95646768      -0.90449732
  1 193 29       0.09556928       2.40262178      -0.90443072
  1 193 238       0.09565066       2.92386227      -0.90434934
  1 194 29       0.09573377       2.51541529      -0.90426623
  1 194 237       0.09581585       2.85685876      -0.90418415
  1 194 238       0.09586483       0.34861340      -0.90413517
  1 195 29       0.09591101       2.67380062      -0.90408899
  1 195 236       0.09598819       2.37762829      -0.90401181
  1 195 237       0.09603351       0.58843177      -0.90396649
  1 196 28       0.09607998       2.45290688      -0.90392002
  1 196 29       0.09611882       0.08916929      -0.90388118
  1 196 235       0.09613843       1.19461486      -0.90386157
  1 196 236       0.09618006       1.52964913      -0.90381994
  1 197 28       0.09624219       2.53684003      -0.90375781
  1 197 235       0.09632090       2.61477788      -0.90367910
  1 198 26       0.09637301       0.79571890      -0.90362699
  1 198 27       0.09642761       2.77739305      -0.90357239
  1 198 28       0.09648280       0.83488164      -0.90351720
  1 198 234       0.09651766       1.44641429      -0.90348234
  1 198 235       0.09655789       1.18678574      -0.90344211
  1 199 25       0.09661355       2.45633467      -0.90338645
  1 199 26       0.09667690       1.68966728      -0.90332310
  1 199 234       0.09674068       2.48461951      -0.90325932
  1 200 25       0.09681543       2.40792922      -0.90318457
  1 200 234       0.09689051       2.50602404      -0.90310949
  1 201 25       0.09696740       2.52625785      -0.90303260
  1 201 233       0.09703924       2.17530960      -0.90296076
  1 201 234       0.09707741       0.32312402      -0.90292259
  1 202 25       0.09711420       2.08471335      -0.90288580
  1 202 26       0.09717011       1.57457582      -0.90282989
  1 202 232       0.09719717       0.19613473      -0.90280283
  1 202 233       0.09724156       2.70957021      -0.90275844
  1 203 26       0.09730206       1.24955902      -0.90269794
  1 203 27       0.09736303       2.74129805      -0.90263697
  1 203 28       0.09741050       0.36539367      -0.90258950
  1 203 231       0.09741931       0.21108752      -0.90258069
  1 203 232       0.09747070       3.15237375      -0.90252930
  1 204 28       0.09755704       2.49862704      -0.90244296
  1 204 29       0.09760993       0.96280370      -0.90239007
  1 204 230       0.09763253       0.51663538      -0.90236747
  1 204 231       0.09768616       2.99338050      -0.90231384
  1 205 28       0.09776069       1.88462549      -0.90223931
  1 205 29       0.09780703       1.14794363      -0.90219297
  1 205 229       0.09784277       1.19124727      -0.90215723
  1 205 230       0.09790090       2.61336889      -0.90209910
  1 206 27       0.09796162       1.36043926      -0.90203838
  1 206 28       0.09800435       1.43648054      -0.90199565
  1 206 228       0.09805709       2.01522429      -0.90194291
  1 206 229       0.09811364       1.68564866      -0.90188636
  1 207 27       0.09817552       2.36459523      -0.90182448
  1 207 227       0.09824473       2.16483884      -0.90175527
  1 207 228       0.09829606       1.19502323      -0.90170394
  1 208 27       0.09835195       2.46268521      -0.90164805
  1 208 226       0.09842264       2.16397324      -0.90157736
  1 208 227       0.09847482       1.25119052      -0.90152518
  1 209 27       0.09850067       0.44043557      -0.90149933
  1 209 28       0.09855119       2.86643204      -0.90144881
  1 209 225       0.09862268       1.81254338      -0.90137732
  1 209 226       0.09866775       1.13692034      -0.90133225
  1 210 28       0.09869046       0.34921469      -0.90130954
  1 210 29       0.09874258       3.06221859      -0.90125742
  1 210 30       0.09879253       0.20711661      -0.90120747
  1 210 40       0.09881163       1.04305095      -0.90118837
  1 210 41       0.09886370       2.36459533      -0.90113630
  1 210 42       0.09893750       2.46578373      -0.90106250
  1 210 43       0.09901115       2.35447544      -0.90098885
  1 210 44       0.09906858       1.40422289      -0.90093142
  1 210 224       0.09911225       1.45345371      -0.90088775
  1 210 225       0.09915941       1.63345086      -0.90084059
  1 211 30       0.09922535       2.68218579      -0.90077465
  1 211 40       0.09927964       0.87124556      -0.90072036
  1 211 41       0.09933501       2.75257408      -0.90066499
  1 211 44       0.09939375       1.09188037      -0.90060625
  1 211 45       0.09945102       2.65605705      -0.90054898
  1 211 46       0.09952856       2.41924592      -0.90047144
  1 211 47       0.09956755       0.13221412      -0.90043245
  1 211 223       0.09958377       0.92952280      -0.90041623
  1 211 224       0.09963351       2.32623453      -0.90036649
  1 212 29       0.09966925       0.01283332      -0.90033075
  1 212 30       0.09971074       2.70261908      -0.90028926
  1 212 41       0.09975597       0.25757507      -0.90024403
  1 212 42       0.09979867       2.53690934      -0.90020133
  1 212 47       0.09987151       2.23037564      -0.90012849
  1 212 48       0.09995307       3.10739182      -0.90004693
  1 212 222       0.10002318       1.48131890      -0.89997682
  1 212 223       0.10007828       2.12508223      -0.89992172
  1 213 29       0.10015115       2.64422964      -0.89984885
  1 213 42       0.10023325       2.72891615      -0.89976675
  1 213 47       0.10030649       2.06498350      -0.89969351
  1 213 48       0.10038923       3.35022199      -0.89961077
  1 213 197       0.10044253       0.13822992      -0.89955747
  1 213 198       0.10048573       2.68887101      -0.89951427
  1 213 199       0.10056353       2.40285607      -0.89943647
  1 213 200       0.10063610       2.34672931      -0.89936390
  1 213 201       0.10070900       2.42474062      -0.89929100
  1 213 202       0.10078328       2.43664931      -0.89921672
  1 213 203       0.10084897       1.86255335      -0.89915103
  1 213 220       0.10089011       0.83035167      -0.89910989
  1 213 221       0.10094247       2.59663646      -0.89905753
  1 213 222       0.10100528       1.51380571      -0.89899472
  1 214 29       0.10106661       2.50058077      -0.89893339
  1 214 31       0.10111556       0.70308191      -0.89888444
  1 214 32       0.10116478       2.51793482      -0.89883522
  1 214 33       0.10124001       2.40602597      -0.89875999
  1 214 34       0.10130596       1.91037694      -0.89869404
  1 214 39       0.10136041       1.65357594      -0.89863959
  1 214 40       0.10142285       2.43307273      -0.89857715
  1 214 41       0.10149895       2.54722153      -0.89850105
  1 214 42       0.10153843       0.03666110      -0.89846157
  1 214 48       0.10157513       2.36544446      -0.89842487
  1 214 196       0.10164180       1.99800316      -0.89835820
  1 214 197       0.10171161       2.57116011      -0.89828839
  1 214 203       0.10175893       0.52538217      -0.89824107
  1 214 204       0.10180363       2.40031828      -0.89819637
  1 214 205       0.10187627       2.35391573      -0.89812373
  1 214 206       0.10195006       2.47549475      -0.89804994
  1 214 207       0.10202467       2.40779603      -0.89797533
  1 214 208       0.10206900       0.49357888      -0.89793100
  1 214 218       0.10210911       2.13182817      -0.89789089
  1 214 219       0.10218000       2.50727569      -0.89782000
  1 214 220       0.10224425       1.69820359      -0.89775575
  1 215 29       0.10228605       1.03731667      -0.89771395
  1 215 30       0.10233905       2.43169968      -0.89766095
  1 215 31       0.10240551       1.91785275      -0.89759449
  1 215 34       0.10244828       0.88161794      -0.89755172
  1 215 35       0.10250367       2.74370372      -0.89749633
  1 215 36       0.10257585       1.98004640      -0.89742415
  1 215 37       0.10262556       1.27342342      -0.89737444
  1 215 38       0.10268847       2.84417266      -0.89731153
  1 215 39       0.10274973       1.16514506      -0.89725027
  1 215 48       0.10280356       2.35796953      -0.89719644
  1 215 194       0.10284964       0.65795240      -0.89715036
  1 215 195       0.10290311       2.84124467      -0.89709689
  1 215 196       0.10295903       0.81924502      -0.89704097
  1 215 208       0.10300124       1.94317808      -0.89699876
  1 215 209       0.10306829       2.44509282      -0.89693171
  1 215 210       0.10314262       2.41936312      -0.89685738
  1 215 211       0.10321673       2.43148934      -0.89678327
  1 215 212       0.10326857       0.96138192      -0.89673143
  1 215 214       0.10329309       0.64326320      -0.89670691
  1 215 215       0.10333993       2.42231690      -0.89666007
  1 215 216       0.10341362       2.40079397      -0.89658638
  1 215 217       0.10348811       2.47463804      -0.89651189
  1 215 218       0.10353153       0.36690463      -0.89646847
  1 216 36       0.10354336       0.40742625      -0.89645664
  1 216 37       0.10356595       1.07075044      -0.89643405
  1 216 47       0.10360381       1.40767126      -0.89639619
  1 216 48       0.10363981       0.94785258      -0.89636019
  1 216 192       0.10365819       0.25508159      -0.89634181
  1 216 193       0.10370290       2.67123323      -0.89629710
  1 216 194       0.10377350       1.94989629      -0.89622650
  1 216 212       0.10382579       1.47224398      -0.89617421
  1 216 213       0.10388395       2.33419125      -0.89611605
  1 216 214       0.10394615       1.73695684      -0.89605385
  1 217 47       0.10400906       2.38011232      -0.89599094
  1 217 190       0.10404657       0.07469480      -0.89595343
  1 217 191       0.10408842       2.66492350      -0.89591158
  1 217 192       0.10416495       2.34376522      -0.89583505
  1 218 43       0.10421933       1.21485413      -0.89578067
  1 218 44       0.10427397       2.36154720      -0.89572603
  1 218 45       0.10432398       0.91158772      -0.89567602
  1 218 47       0.10437503       2.42985952      -0.89562497
  1 218 189       0.10443015       1.17763618      -0.89556985
  1 218 190       0.10449122       2.81903937      -0.89550878
  1 219 42       0.10455253       1.19352894      -0.89544747
  1 219 43       0.10459889       1.84089390      -0.89540111
  1 219 45       0.10465180       1.62199945      -0.89534820
  1 219 46       0.10471429       2.46760039      -0.89528571
  1 219 47       0.10477848       1.73401676      -0.89522152
  1 219 188       0.10484523       2.63466768      -0.89515477
  1 219 189       0.10490899       1.53791039      -0.89509101
  1 220 42       0.10497173       2.56844998      -0.89502827
  1 220 186       0.10503317       1.45259109      -0.89496683
  1 220 187       0.10509733       2.74717388      -0.89490267
  1 220 188       0.10514417       0.31828556      -0.89485583
  1 221 42       0.10518598       2.41802182      -0.89481402
  1 221 184       0.10525937       2.38521674      -0.89474063
  1 221 185       0.10533387       2.49050539      -0.89466613
  1 221 186       0.10538974       1.16667120      -0.89461026
  1 222 42       0.10544689       2.57332134      -0.89455311
  1 222 43       0.10548778       0.10288674      -0.89451222
  1 222 182       0.10551839       1.90065578      -0.89448161
  1 222 183       0.10558773       2.63777613      -0.89441227
  1 222 184       0.10563228       0.27799348      -0.89436772
  1 223 43       0.10567762       2.68923117      -0.89432238
  1 223 180       0.10573397       0.99866808      -0.89426603
  1 223 181       0.10579120       2.74722174      -0.89420880
  1 223 182       0.10584622       0.85337709      -0.89415378
  1 224 43       0.10589532       2.36027217      -0.89410468
  1 224 178       0.10593755       0.40340001      -0.89406245
  1 224 179       0.10598571       2.74925717      -0.89401429
  1 224 180       0.10605238       1.61386943      -0.89394762
  1 225 43       0.10611395       2.41591170      -0.89388605
  1 225 176       0.10616003       0.59962576      -0.89383997
  1 225 177       0.10620906       2.60942045      -0.89379094
  1 225 178       0.10628211       2.17157252      -0.89371789
  1 226 42       0.10632969       0.94258712      -0.89367031
  1 226 43       0.10636702       1.50102555      -0.89363298
  1 226 174       0.10640112       0.73019628      -0.89359888
  1 226 175       0.10645220       2.61294620      -0.89354780
  1 226 176       0.10652237       1.98016764      -0.89347763
  1 227 42       0.10658868       2.35966301      -0.89341132
  1 227 173       0.10666008       2.31322641      -0.89333992
  1 227 174       0.10672492       1.93028651      -0.89327508
  1 228 42       0.10679008       2.33450370      -0.89320992
  1 228 171       0.10683649       0.70264184      -0.89316351
  1 228 172       0.10689043       2.82781819      -0.89310957
  1 228 173       0.10694271       0.59395695      -0.89305729
  1 229 42       0.10698843       2.39826167      -0.89301157
  1 229 170       0.10703888       0.90366756      -0.89296112
  1 229 171       0.10709050       2.47482836      -0.89290950
  1 230 42       0.10713291       0.30127058      -0.89286709
  1 230 43       0.10717075       2.17518220      -0.89282925
  1 230 169       0.10721609       0.79194455      -0.89278391
  1 230 170       0.10726577       2.45965789      -0.89273423
  1 231 43       0.10734033       2.42026424      -0.89265967
  1 231 168       0.10739249       0.99384670      -0.89260751
  1 231 169       0.10744483       2.43145162      -0.89255517
  1 232 43       0.10751938       2.44746635      -0.89248062
  1 232 44       0.10755882       0.13432460      -0.89244118
  1 232 167       0.10758389       1.50641478      -0.89241611
  1 232 168       0.10763851       2.06827386      -0.89236149
  1 233 44       0.10771418       2.88436206      -0.89228582
  1 233 166       0.10778547       1.78156215      -0.89221453
  1 233 167       0.10783839       1.68185404      -0.89216161
  1 234 44       0.10788004       1.04397903      -0.89211996
  1 234 45       0.10792249       1.73422718      -0.89207751
  1 234 165       0.10798049       2.06185893      -0.89201951
  1 234 166       0.10803151       1.27709355      -0.89196849
  1 235 45       0.10807866       1.80885565      -0.89192134
  1 235 46       0.10814567       2.57682809      -0.89185433
  1 235 47       0.10819145       0.41987228      -0.89180855
  1 235 164       0.10822858       2.00993619      -0.89177142
  1 235 165       0.10827927       1.30793663      -0.89172073
  1 236 47       0.10832941       1.97370065      -0.89167059
  1 236 48       0.10839639       2.40993891      -0.89160361
  1 236 49       0.10846745       2.24091583      -0.89153255
  1 236 163       0.10853681       2.29822488      -0.89146319
  1 236 164       0.10859146       1.27862795      -0.89140854
  1 237 49       0.10864705       2.35997357      -0.89135295
  1 237 162       0.10872327       2.62857442      -0.89127673
  1 237 163       0.10877524       0.77257148      -0.89122476
  1 238 49       0.10882338       2.37813556      -0.89117662
  1 238 161       0.10890095       2.69859974      -0.89109905
  1 238 162       0.10895174       0.62590093      -0.89104826
  1 239 49       0.10899726       2.35296543      -0.89100274
  1 239 160       0.10907655       2.83699397      -0.89092345
  1 239 161       0.10912860       0.56934836      -0.89087140
  1 240 49       0.10917302       2.33813204      -0.89082698
  1 240 159       0.10925384       2.95114273      -0.89074616
  1 240 160       0.10930434       0.35398104      -0.89069566
  1 241 49       0.10934658       2.41091754      -0.89065342
  1 241 158       0.10942070       2.43957847      -0.89057930
  1 241 159       0.10946364       0.37104830      -0.89053636
  1 242 49       0.10950642       2.42874872      -0.89049358
  1 242 50       0.10954989       0.41617995      -0.89045011
  1 242 157       0.10956171       0.35761143      -0.89043829
  1 242 158       0.10960165       2.25626337      -0.89039835
  1 243 50       0.10967651       2.64325772      -0.89032349
  1 243 51       0.10973667       1.29415644      -0.89026333
  1 243 64       0.10978088       1.59945874      -0.89021912
  1 243 65       0.10984103       2.33712171      -0.89015897
  1 243 66       0.10991241       2.33482465      -0.89008759
  1 243 67       0.10997429       1.71539083      -0.89002571
  1 243 157       0.11003990       2.57865717      -0.88996010
  1 244 51       0.11009968       1.33403891      -0.88990032
  1 244 52       0.11015830       2.50245245      -0.88984170
  1 244 53       0.11023417       2.46284286      -0.88976583
  1 244 62       0.11027242       0.04058945      -0.88972758
  1 244 63       0.11032726       3.54864695      -0.88967274
  1 244 64       0.11039290       0.74769674      -0.88960710
  1 244 67       0.11041752       0.86360480      -0.88958248
  1 244 68       0.11047651       2.99685439      -0.88952349
  1 244 69       0.11052400       0.11137214      -0.88947600
  1 244 156       0.11052859       0.18913290      -0.88947141
  1 244 157       0.11056858       2.42818485      -0.88943142
  1 245 53       0.11060618       0.03288578      -0.88939382
  1 245 54       0.11064449       2.47460583      -0.88935551
  1 245 55       0.11071884       2.39142448      -0.88928116
  1 245 56       0.11079174       2.37928463      -0.88920826
  1 245 57       0.11085309       1.63646625      -0.88914691
  1 245 62       0.11091408       2.35503789      -0.88908592
  1 245 69       0.11100222       3.41343462      -0.88899778
  1 245 156       0.11109580       2.71132362      -0.88890420
  1 246 57       0.11117445       2.43637210      -0.88882555
  1 246 62       0.11124786       2.36795704      -0.88875214
  1 246 69       0.11131987       2.34513329      -0.88868013
  1 246 155       0.11137655       1.36446262      -0.88862345
  1 246 156       0.11142017       1.49040656      -0.88857983
  1 247 57       0.11145650       0.88733129      -0.88854350
  1 247 58       0.11149884       1.88436065      -0.88850116
  1 247 61       0.11153495       0.47893837      -0.88846505
  1 247 62       0.11158513       2.80519071      -0.88841487
  1 247 69       0.11166425       2.37311106      -0.88833575
  1 247 154       0.11170410       0.23475808      -0.88829590
  1 247 155       0.11174805       2.64189479      -0.88825195
  1 248 58       0.11181371       1.65541005      -0.88818629
  1 248 59       0.11187604       2.42423137      -0.88812396
  1 248 60       0.11194908       2.35567335      -0.88805092
  1 248 61       0.11201427       1.91125251      -0.88798573
  1 248 69       0.11205650       0.85226598      -0.88794350
  1 248 70       0.11209990       1.98871841      -0.88790010
  1 248 133       0.11216277       2.12602209      -0.88783723
  1 248 134       0.11223453       2.57026303      -0.88776547
  1 248 135       0.11231936       2.98166213      -0.88768064
  1 248 136       0.11237454       0.63035244      -0.88762546
  1 248 154       0.11242875       2.91743644      -0.88757125
  1 249 70       0.11249809       1.62069061      -0.88750191
  1 249 71       0.11255247       1.93836603      -0.88744753
  1 249 131       0.11259774       1.02475209      -0.88740226
  1 249 132       0.11265575       2.77146172      -0.88734425
  1 249 133       0.11270620       0.53084650      -0.88729380
  1 249 136       0.11275194       2.46288375      -0.88724806
  1 249 153       0.11282177       2.10707499      -0.88717823
  1 249 154       0.11286570       0.76827187      -0.88713430
  1 250 71       0.11289329       1.03710741      -0.88710671
  1 250 72       0.11294900       2.60953145      -0.88705100
  1 250 130       0.11302032       2.05807903      -0.88697968
  1 250 131       0.11307982       1.83603303      -0.88692018
  1 250 136       0.11314360       2.33861907      -0.88685640
  1 250 152       0.11319518       1.03697181      -0.88680482
  1 250 153       0.11323937       1.85490305      -0.88676063
  1 251 72       0.11327441       0.43858537      -0.88672559
  1 251 73       0.11331953       2.51469874      -0.88668047
  1 251 74       0.11339449       2.39118221      -0.88660551
  1 251 75       0.11346270       2.07328840      -0.88653730
  1 251 102       0.11352727       2.15259859      -0.88647273
  1 251 103       0.11359588       2.33808966      -0.88640412
  1 251 104       0.11366728       2.33465704      -0.88633272
  1 251 105       0.11373861       2.33365548      -0.88626139
  1 251 106       0.11381001       2.33942123      -0.88618999
  1 251 107       0.11387292       1.77785180      -0.88612708
  1 251 129       0.11394080       2.66543798      -0.88605920
  1 251 130       0.11399530       0.90127420      -0.88600470
  1 251 136       0.11404487       2.34309168      -0.88595513
  1 251 152       0.11412456       2.87269591      -0.88587544
  1 252 75       0.11417544       0.45698430      -0.88582456
  1 252 76       0.11423086       3.17006441      -0.88576914
  1 252 77       0.11429260       0.87071605      -0.88570740
  1 252 98       0.11433237       1.73217003      -0.88566763
  1 252 99       0.11439618       2.44459567      -0.88560382
  1 252 100       0.11447016       2.39675144      -0.88552984
  1 252 101       0.11454295       2.36783236      -0.88545705
  1 252 102       0.11458220       0.20075440      -0.88541780
  1 252 107       0.11459424       0.58710873      -0.88540576
  1 252 108       0.11464154       2.50891968      -0.88535846
  1 252 109       0.11471556       2.33547859      -0.88528444
  1 252 128       0.11478945       2.50031645      -0.88521055
  1 252 129       0.11483546       0.51106764      -0.88516454
  1 252 136       0.11487903       2.34066611      -0.88512097
  1 252 151       0.11495560       2.67061706      -0.88504440
  1 252 152       0.11499755       0.07509828      -0.88500245
  1 253 77       0.11502746       1.88222808      -0.88497254
  1 253 78       0.11509593       2.59913936      -0.88490407
  1 253 79       0.11517268       2.42420901      -0.88482732
  1 253 80       0.11524865       2.54821467      -0.88475135
  1 253 96       0.11532502       2.44952624      -0.88467498
  1 253 97       0.11540130       2.54336779      -0.88459870
  1 253 98       0.11545210       0.78141047      -0.88454790
  1 253 109       0.11547270       0.56687176      -0.88452730
  1 253 110       0.11552449       2.82271023      -0.88447551
  1 253 127       0.11557846       0.70940030      -0.88442154
  1 253 128       0.11561767       1.85658779      -0.88438233
  1 253 136       0.11568225       2.37010839      -0.88431775
  1 253 150       0.11574033       1.43115032      -0.88425967
  1 253 151       0.11578502       1.49401411      -0.88421498
  1 254 80       0.11581139       0.23164774      -0.88418861
  1 254 81       0.11586051       2.98329073      -0.88413949
  1 254 82       0.11591414       0.52669983      -0.88408586
  1 254 93       0.11592277       0.03801649      -0.88407723
  1 254 94       0.11596349       2.62703877      -0.88403651
  1 254 95       0.11604278       2.56289604      -0.88395722
  1 254 96       0.11608367       0.11311875      -0.88391633
  1 254 110       0.11609196       0.42926143      -0.88390804
  1 254 111       0.11614090       2.77382759      -0.88385910
  1 254 127       0.11622103       2.47057146      -0.88377897
  1 254 136       0.11628770       1.89338070      -0.88371230
  1 254 137       0.11632557       0.58487081      -0.88367443
  1 254 150       0.11637537       2.67446217      -0.88362463
  1 255 82       0.11645261       2.38090850      -0.88354739
  1 255 83       0.11651406       1.64112128      -0.88348594
  1 255 92       0.11656490       1.68576657      -0.88343510
  1 255 93       0.11663188       2.69800326      -0.88336812
  1 255 111       0.11668239       0.60834507      -0.88331761
  1 255 112       0.11673326       2.72103105      -0.88326674
  1 255 127       0.11681349       2.52980053      -0.88318651
  1 255 137       0.11689686       2.92649456      -0.88310314
  1 255 149       0.11696109       1.27725695      -0.88303891
  1 255 150       0.11699735       1.09598215      -0.88300265
  1 256 83       0.11703140       1.13252537      -0.88296860
  1 256 84       0.11708882       2.62549034      -0.88291118
  1 256 90       0.11713527       0.41445615      -0.88286473
  1 256 91       0.11718419       2.78773533      -0.88281581
  1 256 92       0.11724343       1.08918749      -0.88275657
  1 256 112       0.11726827       0.53626642      -0.88273173
  1 256 113       0.11731577       2.57289940      -0.88268423
  1 256 126       0.11738885       2.21036219      -0.88261115
  1 256 127       0.11743153       0.58288414      -0.88256847
  1 256 137       0.11744789       0.48790682      -0.88255211
  1 256 138       0.11750124       3.00379010      -0.88249876
  1 256 139       0.11755016       0.19746811      -0.88244984
  1 256 149       0.11759016       2.42058366      -0.88240984
  1 257 84       0.11763474       0.49703244      -0.88236526
  1 257 85       0.11767980       2.45266214      -0.88232020
  1 257 86       0.11775332       2.35855202      -0.88224668
  1 257 87       0.11782520       2.34641514      -0.88217480
  1 257 88       0.11789686       2.34373946      -0.88210314
  1 257 89       0.11796926       2.39468919      -0.88203074
  1 257 90       0.11803942       2.19722915      -0.88196058
  1 257 113       0.11808974       1.09599468      -0.88191026
  1 257 114       0.11813401       1.80143299      -0.88186599
  1 257 125       0.11818686       1.65765517      -0.88181314
  1 257 126       0.11823665       1.60074147      -0.88176335
  1 257 139       0.11829941       2.50697490      -0.88170059
  1 257 140       0.11837636       2.52931320      -0.88162364
  1 257 141       0.11842256       0.49439734      -0.88157744
  1 257 149       0.11847190       2.73448438      -0.88152810
  1 258 114       0.11855316       2.58431290      -0.88144684
  1 258 115       0.11859425       0.10517035      -0.88140575
  1 258 123       0.11861143       1.01868597      -0.88138857
  1 258 124       0.11866646       2.58330127      -0.88133354
  1 258 125       0.11872741       1.40565029      -0.88127259
  1 258 141       0.11877882       1.95938438      -0.88122118
  1 258 142       0.11884976       2.68313261      -0.88115024
  1 258 143       0.11890451       0.90065406      -0.88109549
  1 258 148       0.11896529       3.07727438      -0.88103471
  1 258 149       0.11901521       0.18965155      -0.88098479
  1 259 115       0.11906613       3.14323060      -0.88093387
  1 259 121       0.11911927       0.33423359      -0.88088073
  1 259 122       0.11916839       2.88092134      -0.88083161
  1 259 123       0.11923537       1.50297049      -0.88076463
  1 259 143       0.11928394       1.67574959      -0.88071606
  1 259 144       0.11934810       2.52347482      -0.88065190
  1 259 145       0.11942335       2.40147060      -0.88057665
  1 259 146       0.11949756       2.45553103      -0.88050244
  1 259 147       0.11957480       2.59940541      -0.88042520
  1 259 148       0.11961807       0.23316883      -0.88038193
  1 260 115       0.11962628       0.30366255      -0.88037372
  1 260 116       0.11967602       2.95184146      -0.88032398
  1 260 117       0.11973737       1.06330666      -0.88026263
  1 260 118       0.11976849       0.97392802      -0.88023151
  1 260 119       0.11981978       2.38261484      -0.88018022
  1 260 120       0.11989442       2.50258444      -0.88010558
  1 260 121       0.11996633       2.20376673      -0.88003367
END period  1

